#    y         Ulam
-9.82265e-1 4.71994e-2
-9.48218e-1 1.22145e-1
-9.16790e-1 1.91734e-1
-8.84489e-1 2.60267e-1
-8.50442e-1 3.30001e-1
-8.14649e-1 3.99201e-1
-7.77110e-1 4.69159e-1
-7.37824e-1 5.39548e-1
-6.96793e-1 6.07551e-1
-6.54016e-1 6.74807e-1
-6.08620e-1 7.40742e-1
-5.59732e-1 8.06767e-1
-5.01241e-1 8.78979e-1
-4.36008e-1 9.46505e-1
-3.67671e-1 1.01130e+0
-2.95007e-1 1.06491e+0
-2.21965e-1 1.10735e+0
-1.51829e-1 1.13589e+0
-8.44953e-2 1.15296e+0
-1.92465e-2 1.16020e+0
5.39887e-2 1.15775e+0
1.32559e-1 1.14158e+0
2.11129e-1 1.11192e+0
2.88923e-1 1.06721e+0
3.60310e-1 1.01595e+0
4.31805e-1 9.49760e-1
4.93109e-1 8.84804e-1
5.48108e-1 8.18318e-1
5.97869e-1 7.53136e-1
6.43265e-1 6.88006e-1
6.86042e-1 6.21732e-1
7.26201e-1 5.55462e-1
7.63740e-1 4.89942e-1
7.99533e-1 4.24048e-1
8.34453e-1 3.57213e-1
8.67724e-1 2.91207e-1
8.97200e-1 2.30845e-1
9.26991e-1 1.65067e-1
9.58419e-1 9.44497e-2
9.89847e-1 2.52799e-2
